14.054746 1.0999502E-5 
15.251047 5.2942773E-6 
18.694328 1.0354813E-4 
19.88387 0.0066536027 
22.721445 0.09551176 
24.28858 1.877455 
1.5263773 23.719173 
22.192448 2.493467 
24.550123 2.721394 
2.7354822 29.574821 
10.186378 24.921879 
32.56522 0.49218962 
13.586316 23.542257 
27.587082 15.853025 
0.46187726 46.743664 
37.874573 11.224253 
16.498667 29.325321 
0.030154433 45.530087 
12.817823 33.89659 
4.1572747 42.300495 
41.868046 4.8866444 
7.874155 38.467686 
4.6607056 42.587345 
6.3997226 44.78617 
31.92651 18.405924 
46.279243 12.775792 
49.265743 13.222354 
27.942627 29.289038 
55.089657 5.2826533 
7.532142 52.796356 
22.822767 25.250923 
38.836407 15.271174 
28.934929 24.308865 
30.45252 21.4829 
52.624157 9.849064 
60.889282 11.938066 
71.74614 9.354314 
86.26474 8.078259 
81.109604 8.541402 
82.30636 8.561409 
79.41814 10.041879 
56.10074 34.96847 
83.0727 16.945051 
95.39399 0.023347704 
7.957699 91.03717 
27.967834 23.995539 
31.696747 20.713047 
1.2336937 51.33503 
19.610712 28.260952 
40.03592 9.340221 
47.048717 8.302109 
9.982907 52.85554 
52.304905 3.8593643 
53.88337 0.10378766 
13.9594965 45.253246 
20.62208 37.473816 
14.558003 36.310177 
6.635151 42.96181 
6.81698 15.733691 
0.57923794 16.72083 
2.0659552 9.749079 
